-88.040218297068222
0.003198542125474
0.000072490747221
6.241510944698687
6.241567697101845
145.731996150630550
145.731981519935488
1.367104146492950
1.367493787202763
0.000073956793326
0.007315877339046
0.699432545949064
0.699432524825202
0.699432126136497
0.456575937074445
0.699431653124109
0.000186896638834
0.514235396351814
0.308258786843175
0.000998510535089
0.999557212698765
0.871041773928104
0.000508767423353
0.999557212714553
0.904983758588866
0.000000002319653
0.999999990970654
0.973033317397023
0.999999990970654
0.999999978918643
0.999999990914051
0.999999990970645
0.999999990970646
0.001494548451000
0.000007968161404
0.161996732914101
0.126978829561071
0.000191962773636
0.996749279652625
0.000000138121533
0.000000172650928
